  164   76   46
  158   85   51
  152   93   56
  146  101   62
  138  109   67
  132  117   73
  124  124   78
  118  132   83
  112  139   87
  108  146   91
  104  153   95
  100  161   99
   96  168  103
   94  175  107
   90  183  111
   86  190  114
   82  197  118
   76  204  122
   72  211  125
   66  217  129
   60  222  131
   56  227  134
   52  232  137
   48  236  139
   46  240  141
   46  243  144
   46  246  146
   46  249  148
   46  252  149
   44  254  151
   44  257  152
   42  260  153
   40  262  154
   38  264  155
   36  265  155
   34  266  155
   32  266  155
   32  265  155
   32  264  154
   32  261  152
   30  259  150
   30  255  148
   32  252  145
   32  249  143
   34  246  140
   34  244  138
   34  241  137
   36  239  136
   36  236  136
   36  233  136
   36  231  136
   34  228  136
   34  226  136
   34  223  135
   32  221  134
   32  219  132
   32  217  131
   32  215  129
   34  212  127
   36  210  125
   38  208  123
   38  205  122
   38  203  120
   38  200  119
   38  198  118
   38  196  117
   38  194  115
   38  192  114
   36  191  112
   36  190  111
   36  190  110
   38  190  109
   38  189  108
   38  189  107
   38  188  107
   38  187  107
   38  186  107
   36  185  108
   36  184  108
   36  183  108
   36  181  108
   36  180  109
   38  180  109
   38  180  109
   38  179  109
   40  179  109
   40  179  109
   40  179  110
   40  178  110
   38  178  110
   38  177  110
   36  176  109
   34  174  108
   34  173  107
   34  171  106
   32  169  104
   34  168  102
   34  166  101
   34  165  100
   32  164   99
   32  163   99
   30  163   99
   28  163   99
   26  163  100
   22  162  101
   22  162  102
   22  161  102
   22  161  102
   22  160  101
   26  158  100
   28  156   98
   30  154   95
   32  153   93
   34  150   90
   34  149   87
   32  147   86
   32  146   84
   30  145   83
   28  144   83
   26  143   83
   24  142   84
   24  141   84
   24  140   85
   24  139   86
   26  138   86
   26  136   86
   26  134   86
   24  132   85
   24  130   84
   22  128   83
   20  125   81
   20  122   79
   18  120   77
   18  117   75
   18  114   72
   18  111   70
   20  108   68
   20  105   66
   20  102   64
   20  100   63
   18   97   62
   18   95   61
   18   93   61
   20   91   60
   20   89   60
   22   87   60
   22   85   60
   24   83   59
   26   81   58
   26   79   57
   26   76   55
   24   74   54
   24   71   52
   22   68   50
   22   66   49
   20   63   47
   20   61   46
   20   60   45
   20   58   44
   22   57   43
   22   56   43
   24   55   42
   24   53   42
   24   51   41
   24   49   41
   24   46   40
   22   43   38
   20   39   37
   20   36   35
   20   33   32
   18   30   30
   18   27   27
   18   25   24
   18   22   21
   20   20   18
   20   17   15
   20   13   12
   18   10    9
   18    6    7
   18    3    5
   18    0    3
   18   -3    2
   18   -6    1
   18   -8    1
   16  -11    0
   18  -12    0
   16  -14    0
   16  -15    0
   18  -16    0
   18  -17   -1
   18  -19   -1
   16  -20   -2
   18  -21   -3
   16  -23   -5
   16  -25   -6
   16  -27   -8
   16  -30   -9
   16  -33  -11
   16  -36  -13
   16  -40  -15
   16  -44  -17
   16  -49  -20
   18  -53  -22
   18  -57  -25
   18  -61  -27
   18  -64  -29
   20  -66  -30
   20  -68  -32
   20  -70  -32
   20  -71  -33
   20  -72  -33
   18  -73  -32
   20  -75  -32
   18  -77  -32
   18  -80  -32
   18  -83  -32
   18  -86  -33
   18  -89  -34
   18  -92  -35
   18  -95  -37
   20  -98  -39
   20 -100  -40
   22 -102  -42
   22 -104  -44
   22 -106  -46
   22 -108  -47
   22 -111  -49
   20 -113  -51
   20 -116  -52
   18 -118  -54
   16 -120  -56
   14 -123  -58
   14 -125  -60
   14 -128  -61
   14 -131  -63
   16 -134  -65
   16 -136  -67
   18 -139  -69
   22 -142  -71
   24 -145  -72
   28 -147  -74
   32 -150  -75
   34 -152  -76
   36 -154  -77
   40 -155  -77
   42 -157  -78
   44 -158  -78
   46 -160  -79
   46 -161  -80
   48 -163  -80
   48 -165  -82
   50 -167  -83
   52 -170  -84
   54 -172  -85
   56 -175  -86
   62 -177  -87
   66 -180  -88
   72 -182  -89
   78 -184  -89
   84 -187  -90
   88 -189  -91
   90 -191  -92
   92 -194  -94
   92 -197  -96
   92 -200  -98
   90 -203 -101
   90 -206 -103
   88 -209 -106
   88 -212 -108
   88 -215 -111
   88 -218 -112
   90 -221 -113
   88 -224 -114
   86 -226 -114
   84 -228 -114
   78 -230 -114
   72 -231 -114
   66 -232 -114
   58 -233 -115
   52 -234 -115
   44 -235 -115
   40 -237 -116
   36 -239 -117
   32 -241 -119
   28 -243 -120
   24 -247 -122
   22 -250 -124
   18 -254 -126
   16 -258 -128
   14 -261 -131
   10 -265 -134
    8 -268 -136
    8 -271 -139
    8 -273 -141
   10 -275 -144
   10 -276 -145
   10 -277 -147
   12 -278 -147
   12 -279 -148
   10 -280 -148
   10 -282 -148
    6 -283 -148
    4 -285 -148
    0 -286 -149
    0 -288 -150
    0 -290 -151
    0 -292 -153
    0 -294 -154
    4 -296 -157
    6 -299 -158
    8 -301 -160
   10 -303 -162
    8 -305 -163
    6 -308 -164
    0 -311 -165
   -8 -313 -166
  -18 -316 -167
  -30 -318 -168
  -36 -321 -169
  -40 -324 -170
  -32 -326 -172
  -14 -328 -173
   14 -330 -175
   54 -333 -176
  106 -335 -177
  164 -337 -178
  222 -338 -178
  280 -340 -179
  330 -341 -179
  366 -342 -179
  390 -342 -179
  396 -342 -180
  384 -342 -180
  358 -342 -181
  320 -342 -182
  274 -343 -183
  224 -344 -184
  174 -345 -185
  126 -347 -187
   82 -350 -188
   48 -352 -189
   18 -355 -190
   -2 -357 -191
  -18 -359 -192
  -28 -362 -194
  -36 -364 -196
  -44 -367 -197
  -48 -370 -198
  -50 -373 -200
  -50 -377 -201
  -50 -381 -201
  -50 -385 -202
  -44 -389 -203
  -38 -393 -204
  -30 -396 -204
  -24 -398 -205
  -18 -400 -207
  -14 -401 -208
   -8 -402 -210
   -6 -401 -212
   -2 -401 -214
    0 -401 -216
    0 -402 -218
    0 -403 -220
    0 -405 -221
    0 -408 -222
    0 -411 -223
    0 -415 -223
    0 -419 -223
    2 -422 -223
    4 -425 -224
    6 -428 -224
    8 -430 -225
   10 -431 -226
   12 -433 -228
   12 -434 -229
   12 -435 -231
   14 -436 -232
   14 -438 -234
   14 -439 -235
   14 -440 -236
   14 -442 -237
   14 -443 -238
   14 -444 -239
   14 -446 -240
   14 -448 -241
   14 -449 -243
   16 -451 -244
   16 -453 -245
   16 -455 -246
   18 -457 -247
   18 -459 -247
   18 -462 -248
   18 -464 -248
   18 -466 -249
   16 -468 -249
   16 -470 -250
   16 -472 -251
   16 -473 -252
   16 -475 -253
   18 -477 -254
   18 -477 -255
   18 -478 -255
   20 -478 -256
   22 -476 -255
   24 -474 -254
   28 -470 -253
   30 -466 -251
   30 -461 -249
   32 -455 -246
   32 -450 -243
   32 -444 -240
   32 -438 -237
   32 -433 -233
   32 -428 -230
   32 -423 -227
   34 -418 -223
   36 -414 -220
   36 -409 -216
   38 -404 -212
   42 -399 -208
   44 -393 -205
   44 -387 -201
   46 -380 -197
   48 -372 -193
   48 -363 -189
   50 -354 -185
   50 -344 -180
   52 -334 -175
   54 -324 -170
   56 -314 -164
   58 -304 -159
   60 -294 -153
   64 -284 -147
   66 -275 -141
   68 -265 -135
   70 -255 -128
   70 -245 -122
   72 -235 -115
   74 -224 -108
   76 -213 -101
   78 -202  -95
   82 -190  -88
   86 -179  -81
   88 -167  -74
   90 -156  -68
   94 -145  -62
   96 -134  -56
   98 -124  -50
  100 -114  -44
  102 -104  -38
  104  -94  -32
  108  -84  -25
  112  -74  -19
  116  -63  -13
  120  -51   -6
  124  -40    0
  128  -28    6
  132  -16   12
  136   -4   19
  140    6   24
  144   18   30
  146   29   36
  148   40   41
  152   50   46
  154   60   51
  156   70   56
  160   80   62
  162   91   68
  164  102   75
  166  113   82
  168  124   89
  168  135   97
  170  147  104
  170  158  112
  172  169  119
  172  179  126
  172  188  132
  172  196  137
  174  204  141
  174  212  145
  174  220  149
  174  227  153
  174  235  156
  172  243  160
  172  250  164
  170  259  168
  166  267  173
  162  275  177
  158  283  182
  152  291  186
  148  298  191
  142  305  196
  136  313  201
  130  319  205
  122  326  209
  118  332  213
  112  338  217
  106  344  220
  100  350  223
   94  356  226
   88  362  229
   82  369  231
   76  375  234
   70  382  236
   66  388  239
   62  394  242
   58  400  245
   54  405  249
   50  410  252
   48  414  255
   44  417  257
   42  419  260
   38  421  261
   36  422  263
   32  422  264
   28  423  264
   26  423  265
   24  424  266
   22  424  266
   20  425  266
   20  426  267
   20  427  267
   20  429  267
   18  431  268
   16  432  268
   14  434  268
   12  435  267
   10  435  267
    8  435  267
    6  433  266
    4  431  266
    4  429  265
    2  426  263
    4  423  261
    6  419  259
    8  416  257
   10  414  255
   14  411  253
   16  409  251
   16  406  250
   16  404  248
   16  401  247
   14  398  246
   12  394  245
   10  391  243
   10  387  241
    8  383  239
    6  380  237
    6  378  234
    6  376  231
    8  374  229
    8  372  226
    8  370  224
   10  367  223
   10  365  222
   12  362  220
   12  359  220
   14  355  219
   16  351  218
   18  348  217
   18  345  217
   18  342  216
   20  340  215
   20  338  214
   18  337  213
   18  336  213
   16  335  212
   14  334  211
   14  333  210
   12  331  208
   12  330  206
   14  329  204
   16  327  201
   16  326  199
   20  326  196
   22  325  194
   22  324  193
   24  324  192
   24  323  191
   24  322  191
   22  322  192
   22  321  192
   18  319  193
   18  318  194
   16  317  195
   14  315  196
   14  314  197
   12  312  197
   12  311  197
   10  309  197
   10  308  197
   10  306  197
   10  305  197
    8  304  196
    8  303  195
   10  302  194
   10  301  192
   12  300  190
   12  299  189
   12  297  187
   12  295  185
   10  292  184
   10  288  182
    8  284  180
    6  281  179
    6  277  177
    4  273  176
    4  270  174
    4  267  172
    4  265  171
    4  264  169
    6  263  168
    8  263  168
    8  263  168
    8  264  168
    8  264  168
    6  264  168
    4  264  169
    2  263  169
    0  262  168
    0  260  167
    0  257  166
   -2  253  163
   -2  250  161
   -2  246  158
   -2  242  154
   -2  238  151
    0  234  148
    0  230  145
    0  227  143
    0  224  141
    0  221  140
    0  219  139
    0  217  138
    0  215  138
    0  213  138
    0  211  138
    0  209  138
    0  207  138
    0  204  138
    0  202  138
    0  198  137
    2  195  135
    4  192  133
    4  189  131
    4  186  129
    4  183  127
    4  181  124
    2  178  122
    0  176  120
    0  174  118
    0  172  117
   -2  170  115
    0  167  114
    0  165  112
    0  162  110
    0  160  108
    4  157  106
    6  153  105
    6  150  103
    8  147  102
    8  144  102
    8  141  101
    8  138  100
    6  136   99
    6  133   98
    4  130   96
    4  127   94
    2  123   91
    2  120   88
    0  116   84
    0  112   81
   -2  109   78
   -4  106   75
   -4  103   74
   -6  100   72
   -6   97   72
   -4   94   71
   -2   91   71
   -2   88   71
    0   84   70
    0   80   69
    0   76   67
    0   71   64
    0   67   61
   -2   63   58
   -2   59   55
   -4   56   51
   -4   54   49
   -4   52   47
   -6   51   46
   -6   50   45
   -6   49   45
   -6   47   46
   -6   45   46
   -6   43   46
   -6   40   46
   -4   37   46
   -4   33   46
   -4   30   44
   -4   28   43
   -2   26   41
   -2   24   39
   -4   23   37
   -4   22   36
   -4   21   35
   -6   19   34
   -6   16   33
   -4   13   32
   -4    9   31
   -2    4   31
    0    0   29
    0   -4   27
    0   -8   25
    0  -12   22
    0  -16   19
    0  -18   16
    0  -20   13
   -2  -22   10
   -4  -23    7
   -4  -25    5
   -4  -27    2
   -2  -29    0
    0  -32    0
    2  -36   -2
    6  -40   -4
   10  -45   -5
   16  -51   -7
   20  -56   -9
   22  -61  -10
   26  -66  -12
   26  -71  -15
   26  -74  -18
   28  -77  -20
   30  -79  -22
   32  -81  -24
   34  -82  -26
   36  -83  -27
   40  -84  -28
   44  -86  -29
   48  -88  -29
   50  -90  -29
   54  -92  -30
   56  -95  -30
   60  -98  -31
   62 -101  -32
   64 -104  -34
   66 -106  -36
   66 -109  -38
   68 -111  -40
   68 -113  -42
   68 -115  -44
   66 -117  -46
   64 -119  -47
   62 -121  -48
   58 -124  -49
   54 -128  -49
   50 -131  -50
   46 -135  -51
   40 -139  -52
   36 -143  -53
   32 -147  -54
   28 -150  -55
   24 -152  -57
   20 -154  -59
   16 -154  -61
   12 -155  -62
   10 -155  -64
    6 -155  -66
    2 -155  -67
    0 -157  -69
   -4 -159  -70
   -6 -162  -72
   -6 -166  -74
   -8 -171  -75
   -8 -177  -78
   -8 -182  -79
   -6 -187  -81
   -4 -192  -83
   -4 -195  -85
   -2 -198  -86
   -4 -199  -88
   -4 -200  -88
   -6 -201  -89
   -8 -202  -90
  -10 -203  -91
  -12 -204  -91
  -12 -206  -92
  -12 -208  -92
  -12 -211  -92
  -10 -214  -92
   -8 -216  -92
   -6 -219  -92
   -4 -221  -92
   -4 -223  -92
   -8 -225  -93
  -12 -226  -94
  -18 -227  -95
  -28 -228  -97
  -38 -230 -100
  -48 -231 -103
  -56 -233 -106
  -58 -235 -108
  -52 -237 -111
  -34 -239 -113
   -4 -241 -115
   34 -244 -116
   84 -246 -117
  138 -249 -117
  194 -251 -118
  244 -253 -118
  284 -255 -119
  306 -257 -120
  312 -258 -121
  296 -259 -122
  266 -260 -123
  224 -261 -125
  174 -262 -126
  122 -263 -127
   72 -265 -129
   32 -267 -130
    0 -270 -131
  -20 -272 -133
  -32 -276 -134
  -40 -279 -136
  -42 -283 -137
  -42 -287 -139
  -44 -291 -141
  -48 -294 -143
  -54 -298 -145
  -62 -301 -147
  -68 -304 -149
  -76 -308 -151
  -80 -311 -153
  -82 -313 -155
  -78 -316 -157
  -72 -319 -159
  -62 -321 -161
  -52 -323 -162
  -44 -325 -164
  -36 -327 -165
  -30 -329 -167
  -26 -331 -168
  -24 -334 -170
  -22 -337 -171
  -22 -339 -173
  -22 -342 -174
  -24 -345 -175
  -24 -348 -176
  -22 -350 -178
  -20 -352 -178
  -18 -353 -179
  -14 -354 -179
  -12 -355 -179
   -8 -355 -179
   -4 -356 -179
   -2 -357 -179
    0 -359 -180
    0 -361 -181
    2 -363 -183
    2 -366 -184
    2 -369 -186
    2 -372 -188
    2 -375 -190
    2 -378 -191
    4 -381 -193
    4 -384 -194
    6 -386 -195
    6 -389 -195
    6 -391 -196
    4 -393 -197
    4 -395 -198
    4 -397 -199
    4 -398 -201
    2 -399 -202
    2 -400 -204
    4 -401 -206
    4 -402 -208
    6 -404 -209
    6 -406 -210
    6 -408 -211
    6 -411 -212
    6 -414 -214
    6 -417 -215
    6 -420 -216
    6 -423 -218
    6 -425 -219
    8 -427 -221
   10 -429 -222
   12 -429 -222
   16 -429 -222
   18 -427 -222
   20 -424 -220
   20 -421 -218
   22 -417 -216
   22 -413 -214
   22 -408 -211
   22 -404 -209
   22 -400 -206
   24 -396 -204
   24 -392 -202
   24 -388 -199
   26 -383 -196
   26 -378 -193
   28 -373 -189
   28 -367 -185
   28 -360 -180
   28 -353 -176
   28 -345 -171
   30 -336 -166
   30 -327 -161
   32 -318 -156
   36 -309 -152
   38 -301 -147
   42 -292 -142
   46 -284 -137
   50 -276 -132
   52 -269 -127
   54 -261 -122
   56 -253 -117
   58 -244 -112
   60 -236 -107
   62 -226 -102
   64 -216  -96
   64 -206  -91
   68 -195  -85
   70 -184  -80
   74 -173  -75
   76 -162  -69
   80 -152  -64
   82 -141  -59
   84 -132  -54
   88 -122  -48
   90 -112  -43
   92 -103  -38
   96  -93  -32
   98  -84  -27
  100  -74  -21
  102  -65  -16
  106  -55  -10
  110  -45   -3
  112  -35    2
  116  -25    8
  120  -16   15
  122   -7   21
  126    1   27
  130    8   33
  132   16   38
  134   22   42
  134   29   46
  136   35   49
  136   41   52
  138   48   55
  140   54   58
  142   61   61
  144   68   64
  146   76   67
  150   83   71
  152   91   75
  156   98   79
  160  106   83
  162  113   88
  162  119   92
  162  126   96
  160  132  101
  160  137  104
  158  143  108
  156  148  111
  152  153  114
  148  158  117
  144  163  119
  142  168  122
  138  172  125
  134  177  127
  128  182  129
  124  187  132
  118  191  134
  112  196  137
  106  200  139
  102  203  141
   96  207  143
   90  210  144
   84  214  146
   78  217  147
   74  221  148
   68  224  150
   62  227  152
   56  231  153
   52  234  155
   46  237  157
   42  240  159
   40  242  160
   40  244  161
   38  245  161
   38  246  161
   38  247  161
   36  247  161
   36  247  161
   34  246  160
   32  244  160
   28  243  160
   26  242  160
   22  241  160
   18  240  159
   16  239  159
   14  238  158
   12  236  157
   10  234  155
   10  232  153
   10  229  151
   10  226  148
   12  222  146
   12  218  143
   14  213  141
   14  209  139
   16  205  137
   16  202  135
   16  198  133
   18  196  131
   18  193  129
   18  191  127
   18  188  125
   18  186  124
   18  183  122
   18  180  120
   18  176  119
   18  173  118
   18  170  116
   18  168  114
   18  166  113
   18  164  111
   18  162  110
   16  161  109
   16  160  108
   14  159  107
   14  158  106
   12  156  106
   12  154  105
   12  151  104
   10  149  103
   12  146  102
   12  143  100
   14  141   98
   14  139   96
   16  137   95
   18  135   93
   18  134   92
   18  133   92
   20  132   92
   20  132   93
   18  132   94
   18  132   95
   18  132   95
   16  132   95
   14  132   94
   14  131   93
   14  130   91
   12  128   88
   12  126   86
   12  124   84
   14  121   82
   14  119   81
   16  117   80
   18  115   80
   18  114   80
   18  113   81
   18  112   81
   18  111   81
   18  110   81
   18  108   80
   16  107   79
   16  105   77
   16  103   74
   16  100   72
   16   98   70
   16   95   68
   14   93   66
   14   91   65
   14   89   64
   12   88   63
   10   87   63
    8   86   63
    6   86   62
    4   85   62
    4   84   62
    4   83   62
    4   81   63
    4   80   63
    6   78   64
    6   76   64
    6   74   65
    8   72   64
   10   70   64
   10   69   63
    8   67   61
    8   66   59
    8   65   57
    8   65   55
    6   64   53
    6   64   51
    6   63   50
    4   61   49
    4   59   49
    4   57   49
    2   53   48
    2   49   46
    0   44   44
    0   40   41
    0   35   38
    0   31   34
    0   28   29
    0   25   25
    0   23   22
    0   21   19
    0   20   17
    2   18   16
    2   17   16
    2   15   16
    4   12   17
    2   10   17
    2    6   17
    0    3   17
    0    0   16
   -2   -2   14
   -2   -5   13
   -2   -7   11
   -2   -9    9
   -2  -10    8
    0  -11    6
    0  -12    5
    2  -14    4
    4  -16    4
    4  -18    2
    4  -21    1
    2  -24    0
    0  -29   -2
    0  -33   -5
   -2  -38   -7
   -4  -43  -10
   -6  -48  -13
   -8  -52  -16
  -10  -55  -18
  -10  -58  -20
   -8  -60  -21
   -8  -61  -22
   -6  -61  -22
   -4  -61  -22
   -2  -61  -21
    0  -61  -21
    0  -61  -20
    0  -62  -19
    0  -64  -19
    0  -66  -20
    0  -70  -21
   -2  -74  -24
   -4  -79  -26
   -4  -83  -29
   -4  -88  -33
   -4  -91  -36
   -4  -94  -39
   -2  -96  -41
   -2  -97  -42
    0  -98  -44
    0  -99  -44
    0 -101  -45
    0 -103  -45
   -2 -107  -46
   -2 -111  -48
   -2 -116  -50
   -2 -121  -52
   -2 -127  -56
    0 -132  -59
    0 -136  -63
    0 -139  -66
    2 -142  -69
    2 -144  -71
    2 -145  -73
    2 -147  -75
    2 -148  -75
    0 -150  -75
    0 -153  -76
   -2 -155  -76
   -2 -159  -76
   -4 -162  -76
   -4 -166  -77
   -2 -169  -79
   -2 -173  -80
   -2 -176  -82
    0 -179  -84
    0 -181  -85
    0 -183  -87
    0 -185  -89
    0 -187  -90
   -2 -188  -92
   -2 -191  -93
   -2 -193  -94
   -2 -196  -96
   -2 -200  -98
    0 -204 -100
    0 -208 -102
    0 -211 -104
    0 -215 -106
    0 -218 -107
    0 -220 -109
    0 -222 -110
    0 -223 -112
    0 -224 -113
   -2 -226 -114
   -2 -227 -115
   -2 -229 -117
   -2 -232 -119
   -2 -235 -121
    0 -238 -123
    0 -241 -126
    0 -244 -128
    2 -247 -130
    4 -250 -132
    6 -252 -134
    6 -253 -135
    4 -254 -136
    6 -255 -137
    4 -257 -138
    4 -259 -138
    4 -261 -139
    4 -264 -139
    6 -268 -140
    8 -272 -140
   12 -276 -141
   16 -280 -141
   20 -283 -142
   24 -287 -144
   28 -289 -145
   32 -292 -147
   34 -293 -150
   36 -295 -152
   36 -296 -154
   38 -298 -157
   38 -299 -159
   38 -301 -161
   40 -303 -162
   42 -305 -163
   44 -308 -163
   48 -311 -163
   52 -313 -164
   56 -315 -164
   60 -317 -165
   62 -319 -166
   64 -320 -167
   66 -321 -169
   66 -322 -170
   64 -323 -172
   62 -325 -174
   62 -327 -175
   62 -329 -176
   62 -332 -178
   60 -335 -179
   60 -339 -180
   60 -343 -182
   58 -347 -183
   56 -351 -184
   54 -355 -186
   48 -359 -188
   42 -361 -190
   34 -363 -192
   28 -365 -193
   20 -366 -195
   12 -367 -197
    8 -368 -198
    2 -368 -199
    0 -369 -200
    0 -371 -200
   -2 -373 -201
   -4 -375 -201
   -4 -378 -202
   -4 -381 -202
   -6 -384 -203
   -8 -387 -204
   -8 -389 -205
  -10 -392 -206
  -12 -394 -207
  -14 -396 -209
  -16 -397 -210
  -16 -398 -211
  -18 -400 -212
  -18 -401 -213
  -18 -403 -214
  -18 -405 -215
  -18 -407 -216
  -18 -409 -217
  -18 -411 -218
  -18 -414 -218
  -18 -417 -219
  -18 -420 -220
  -16 -422 -221
  -16 -425 -222
  -16 -427 -222
  -16 -428 -223
  -18 -429 -224
  -20 -430 -225
  -26 -430 -226
  -34 -431 -227
  -44 -431 -228
  -54 -432 -230
  -60 -434 -231
  -60 -437 -232
  -52 -440 -234
  -34 -443 -235
   -6 -447 -236
   34 -451 -238
   84 -454 -239
  144 -457 -240
  202 -459 -241
  258 -460 -242
  308 -461 -243
  342 -462 -244
  362 -463 -245
  362 -464 -246
  344 -466 -248
  312 -468 -249
  268 -470 -251
  218 -473 -253
  162 -476 -255
  110 -480 -258
   64 -482 -260
   22 -485 -261
   -8 -487 -263
  -32 -488 -265
  -50 -489 -266
  -64 -490 -267
  -72 -490 -267
  -78 -491 -268
  -84 -492 -268
  -88 -494 -269
  -90 -496 -270
  -92 -498 -270
  -90 -500 -271
  -88 -503 -272
  -82 -505 -273
  -76 -507 -274
  -68 -509 -275
  -60 -511 -277
  -54 -513 -278
  -50 -515 -280
  -44 -517 -281
  -42 -519 -282
  -42 -522 -284
  -40 -525 -285
  -40 -528 -286
  -38 -531 -288
  -38 -534 -290
  -38 -537 -292
  -36 -541 -294
  -34 -543 -296
  -32 -546 -298
  -30 -548 -300
  -28 -550 -301
  -28 -551 -301
  -26 -552 -301
  -26 -552 -301
  -26 -553 -300
  -26 -553 -299
  -26 -553 -298
  -24 -554 -298
  -24 -555 -297
  -22 -556 -297
  -20 -558 -298
  -18 -559 -299
  -16 -561 -300
  -16 -563 -301
  -16 -566 -303
  -18 -568 -304
  -18 -570 -305
  -20 -572 -306
  -20 -574 -306
  -22 -575 -307
  -22 -576 -307
  -22 -577 -307
  -20 -578 -308
  -18 -578 -308
  -16 -579 -309
  -14 -579 -310
  -12 -580 -312
  -10 -581 -313
   -8 -582 -315
  -10 -583 -316
  -10 -584 -317
  -10 -584 -317
  -12 -583 -317
  -12 -581 -317
  -12 -579 -315
  -12 -576 -314
  -12 -573 -311
  -10 -569 -309
   -8 -565 -307
   -6 -561 -305
   -4 -557 -303
   -4 -554 -301
   -2 -551 -299
   -2 -547 -297
   -2 -543 -295
    0 -538 -292
    0 -532 -288
    0 -525 -283
    0 -516 -278
    2 -506 -272
    4 -496 -265
    6 -485 -259
    6 -473 -252
    6 -461 -246
    8 -449 -239
    8 -436 -232
    8 -424 -226
    8 -411 -219
   10 -398 -212
   12 -385 -205
   14 -371 -197
   18 -357 -189
   22 -344 -181
   24 -330 -173
   30 -316 -164
   32 -302 -155
   36 -288 -147
   40 -274 -138
   42 -261 -129
   44 -247 -121
   46 -234 -113
   48 -220 -105
   50 -207  -97
   52 -193  -89
   54 -180  -82
   56 -166  -74
   58 -152  -67
   60 -139  -61
   62 -125  -54
   64 -111  -47
   68  -98  -40
   72  -85  -34
   76  -72  -27
   80  -60  -20
   86  -47  -13
   90  -35   -6
   96  -24    0
  100  -12    7
  104   -1   13
  108    8   19
  112   19   25
  116   30   31
  116   41   36
  118   52   42
  120   63   48
  122   74   54
  122   84   60
  124   95   67
  124  106   73
  126  115   79
  126  124   85
  128  132   91
  130  140   97
  134  148  102
  136  155  107
  138  162  112
  140  168  117
  142  175  121
  142  182  125
  144  188  129
  144  195  132
  142  203  136
  140  211  139
  138  218  143
  136  226  146
  132  235  150
  130  243  154
  128  251  158
  126  258  162
  122  265  166
  120  272  171
  118  278  175
  114  284  179
  110  289  182
  106  295  186
  100  301  189
   96  306  192
   90  313  195
   84  319  198
   76  325  201
   70  331  204
   64  337  207
   58  342  210
   52  347  213
   46  351  216
   42  355  218
   36  358  220
   30  362  222
   26  365  223
   20  368  224
   16  372  225
   12  375  226
    8  379  227
    4  383  228
    2  387  230
    0  390  231
    0  393  233
   -2  396  234
   -4  398  235
   -4  399  237
   -6  400  237
   -8  401  238
  -10  401  238
  -10  401  238
  -10  401  237
  -12  401  237
  -12  401  237
  -10  402  237
  -10  403  238
   -8  403  239
   -8  403  240
   -8  402  240
  -10  401  240
  -12  398  239
  -14  394  237
  -16  389  234
  -20  383  230
  -22  376  226
  -22  369  222
  -22  362  217
  -20  356  213
  -18  352  210
  -16  348  207
  -12  346  206
  -10  345  205
   -8  344  204
   -8  343  205
   -8  342  205
   -8  340  205
  -10  337  205
  -12  334  204
  -14  331  203
  -16  326  201
  -16  322  199
  -14  317  196
  -14  313  192
  -10  310  189
   -8  307  186
   -4  305  182
   -2  303  179
    0  301  176
    0  300  174
    0  298  173
    0  296  172
   -2  295  171
   -4  293  171
   -6  292  171
   -8  290  172
  -10  288  172
  -12  287  172
  -12  285  171
  -10  284  171
   -8  282  171
   -8  281  170
   -6  281  170
   -6  281  170
   -4  281  171
   -4  281  172
   -4  282  173
   -4  283  175
   -4  284  176
   -6  284  177
   -6  284  178
   -6  283  177
   -6  280  176
   -8  277  174
   -6  273  172
   -6  268  169
   -6  263  165
   -6  259  162
   -4  255  159
   -4  251  157
   -4  248  155
   -4  247  154
   -6  246  154
   -8  245  154
   -8  245  154
  -10  244  154
  -10  244  153
  -12  243  152
  -12  241  150
  -14  240  148
  -14  238  145
  -14  236  143
  -14  234  140
  -14  232  138
  -12  230  136
  -12  229  135
  -12  227  135
  -12  226  135
  -12  225  135
  -10  223  135
  -10  221  135
  -10  218  135
  -10  214  134
  -10  210  133
  -12  206  131
  -14  202  128
  -16  198  125
  -18  194  121
  -20  190  118
  -24  188  115
  -24  185  112
  -26  184  110
  -26  182  109
  -26  181  109
  -24  180  109
  -24  178  109
  -22  176  110
  -22  173  110
  -20  169  110
  -20  165  109
  -20  160  106
  -20  155  103
  -20  150  100
  -20  145   96
  -20  141   92
  -20  137   89
  -20  134   87
  -20  132   85
  -20  130   85
  -18  128   85
  -18  126   86
  -18  124   86
  -20  121   86
  -20  117   86
  -22  114   84
  -24  109   81
  -26  105   78
  -26  100   74
  -26   95   69
  -26   91   65
  -26   86   61
  -24   83   57
  -24   81   55
  -22   79   53
  -22   77   53
  -22   76   52
  -22   74   52
  -22   72   51
  -24   70   51
  -24   66   50
  -24   62   49
  -22   58   47
  -22   53   45
  -22   49   43
  -20   44   40
  -20   40   37
  -18   37   34
  -18   34   32
  -18   31   30
  -20   29   28
  -20   27   26
  -22   24   25
  -22   22   23
  -22   18   22
  -24   14   20
  -24   10   18
  -24    5   17
  -26    0   14
  -26   -4   12
  -28   -8   10
  -28  -11    7
  -28  -14    5
  -30  -16    2
  -30  -18    0
  -28  -19   -1
  -28  -20   -3
  -28  -21   -5
  -28  -23   -7
  -26  -25   -9
  -26  -28  -10
  -26  -32  -12
  -26  -36  -13
  -28  -41  -15
  -28  -46  -16
  -28  -51  -17
  -30  -57  -18
  -28  -62  -19
  -28  -66  -21
  -26  -70  -22
  -24  -74  -25
  -22  -78  -28
  -20  -81  -31
  -18  -85  -35
  -18  -88  -38
  -20  -91  -42
  -22  -95  -45
  -24  -98  -48
  -26 -101  -51
  -30 -105  -52
  -32 -108  -53
  -32 -110  -53
  -34 -113  -53
  -32 -114  -52
  -32 -116  -52
  -30 -117  -52
  -28 -118  -52
  -26 -119  -53
  -24 -120  -54
  -22 -123  -56
  -22 -125  -59
  -22 -129  -63
  -22 -133  -66
  -22 -138  -69
  -22 -144  -72
  -20 -149  -74
  -22 -154  -75
  -20 -159  -76
  -20 -162  -76
  -20 -165  -76
  -20 -166  -75
  -22 -168  -75
  -24 -168  -75
  -26 -169  -75
  -30 -170  -76
  -30 -171  -78
  -32 -174  -80
  -32 -178  -83
  -30 -182  -85
  -30 -188  -88
  -28 -193  -91
  -26 -198  -94
  -26 -203  -96
  -26 -208  -98
  -26 -212 -100
  -26 -215 -102
  -26 -217 -103
  -26 -219 -105
  -28 -220 -106
  -26 -222 -108
  -26 -223 -109
  -24 -225 -111
  -22 -228 -112
  -20 -231 -113
  -18 -234 -115
  -16 -238 -117
  -14 -242 -119
  -14 -246 -122
  -12 -249 -125
  -10 -253 -129
  -10 -255 -132
   -8 -258 -136
   -8 -260 -139
   -6 -262 -142
   -4 -264 -144
   -2 -267 -146
   -2 -270 -147
    0 -274 -148
    4 -278 -148
    6 -282 -149
   10 -286 -149
   14 -291 -150
   18 -295 -151
   22 -298 -152
   24 -302 -153
   26 -304 -154
   28 -307 -156
   28 -308 -157
   28 -310 -159
   26 -311 -160
   26 -313 -162
   24 -315 -163
   24 -317 -165
   26 -319 -166
   28 -322 -168
   30 -326 -170
   32 -329 -171
   34 -333 -173
   34 -336 -174
   32 -339 -175
   28 -341 -177
   20 -343 -178
   12 -345 -179
    4 -346 -179
   -4 -347 -180
  -14 -347 -181
  -22 -348 -182
  -28 -350 -183
  -32 -351 -185
  -36 -354 -186
  -38 -357 -188
  -38 -360 -191
  -38 -365 -193
  -38 -369 -195
  -38 -374 -197
  -40 -379 -199
  -40 -384 -201
  -42 -387 -202
  -44 -391 -204
  -44 -393 -205
  -46 -395 -206
  -46 -396 -207
  -48 -397 -208
  -48 -398 -209
  -46 -399 -210
  -48 -401 -211
  -48 -403 -212
  -48 -406 -213
  -48 -409 -214
  -46 -411 -215
  -46 -414 -217
  -46 -417 -219
  -46 -419 -221
  -46 -421 -223
  -44 -422 -225
  -44 -422 -226
  -44 -423 -228
  -44 -424 -230
  -44 -425 -232
  -48 -426 -233
  -52 -428 -234
  -60 -431 -235
  -68 -434 -236
  -78 -439 -237
  -82 -443 -238
  -82 -447 -239
  -72 -452 -240
  -50 -456 -242
  -16 -459 -244
   28 -461 -246
   84 -462 -247
  144 -463 -249
  202 -464 -250
  254 -464 -251
  294 -465 -251
  318 -466 -252
  320 -467 -252
  304 -469 -252
  272 -471 -252
  226 -474 -253
  174 -477 -253
  118 -480 -254
   66 -483 -255
   20 -484 -256
  -14 -485 -257
  -42 -486 -258
  -60 -486 -259
  -72 -486 -260
  -78 -486 -261
  -84 -486 -262
  -86 -487 -263
  -90 -489 -264
  -96 -492 -266
 -102 -496 -267
 -106 -500 -268
 -110 -504 -270
 -112 -509 -271
 -110 -513 -273
 -106 -516 -275
 -100 -519 -277
  -94 -521 -279
  -88 -522 -280
  -82 -523 -281
  -76 -524 -282
  -74 -525 -283
  -70 -526 -284
  -68 -527 -284
  -64 -529 -285
  -62 -530 -285
  -60 -532 -285
  -56 -535 -286
  -54 -537 -286
  -50 -540 -287
  -46 -542 -289
  -44 -545 -290
  -42 -548 -292
  -42 -550 -294
  -40 -553 -297
  -38 -555 -300
  -38 -558 -303
  -36 -561 -306
  -34 -565 -308
  -32 -568 -311
  -30 -571 -313
  -30 -574 -314
  -28 -577 -315
  -28 -579 -315
  -28 -581 -315
  -28 -583 -315
  -28 -584 -315
  -28 -585 -316
  -26 -586 -317
  -26 -586 -318
  -24 -587 -319
  -22 -589 -321
  -20 -590 -323
  -18 -592 -326
  -16 -594 -328
  -16 -596 -330
  -16 -598 -331
  -14 -600 -333
  -14 -601 -334
  -14 -603 -334
  -14 -604 -335
  -14 -605 -335
  -14 -605 -335
  -14 -605 -335
  -12 -604 -334
  -12 -603 -333
  -12 -601 -331
  -12 -599 -329
  -12 -596 -327
  -12 -593 -325
  -10 -589 -322
   -8 -586 -319
   -8 -582 -316
   -6 -578 -313
   -2 -574 -310
    0 -569 -306
    0 -563 -302
    0 -557 -298
    2 -549 -294
    2 -541 -290
    2 -533 -285
    2 -524 -281
    2 -515 -277
    4 -505 -273
    4 -496 -270
    6 -487 -266
    8 -477 -261
   12 -468 -257
   16 -459 -252
   18 -449 -246
   22 -440 -240
   24 -430 -234
   26 -421 -227
   28 -410 -220
   30 -399 -213
   30 -388 -207
   32 -375 -200
   34 -362 -193
   36 -349 -187
   38 -336 -180
   40 -322 -174
   44 -310 -168
   46 -298 -162
   48 -286 -156
   50 -275 -149
   52 -264 -143
   56 -254 -137
   58 -243 -131
   62 -232 -125
   64 -220 -119
   68 -208 -113
   72 -196 -107
   76 -183 -101
   80 -171  -95
   84 -158  -89
   88 -147  -83
   92 -136  -77
   96 -126  -71
   98 -118  -66
  102 -110  -61
  106 -103  -56
  108  -96  -52
  112  -89  -47
  116  -82  -42
  120  -73  -37
  124  -64  -32
  128  -53  -26
  132  -41  -21
  136  -29  -15
  138  -18   -9
  140   -6   -3
  142    3    1
  144   12    6
  146   20   10
  146   27   14
  148   33   18
  150   39   21
  152   45   24
  156   51   27
  158   58   31
  160   66   35
  162   74   40
  162   82   46
  162   91   52
  160  100   58
  158  109   64
  156  118   70
  152  126   75
  148  133   79
  144  139   83
  140  144   86
  136  149   88
  132  154   90
  128  159   92
  124  165   95
  122  172   99
  118  180  102
  114  189  107
  110  198  112
  106  208  117
  100  216  122
   94  224  127
   88  230  131
   80  235  135
   72  238  138
   66  241  140
   58  242  142
   52  244  143
   46  245  144
   40  246  144
   38  248  145
   34  251  145
   32  255  146
   28  259  147
   26  264  148
   24  268  149
   20  273  150
   18  276  152
   14  279  153
   10  282  154
    8  283  156
    6  285  157
    4  285  158
    4  286  158
    4  286  159
    4  286  160
    6  285  160
    6  284  161
    6  284  161
    6  283  160
    6  282  160
    4  280  158
    4  279  157
    2  276  154
    2  274  152
    2  271  149
    2  267  147
    2  263  144
    4  258  142
    6  254  140
    8  249  138
    8  244  136
    8  240  134
    6  236  133
    4  233  131
    2  231  129
    0  228  126
    0  227  123
   -2  225  121
   -2  223  118
    0  222  116
    0  219  114
    4  217  113
    6  214  113
   10  212  113
   12  209  113
   14  205  114
   12  202  114
   12  199  113
   10  196  112
    8  193  111
    6  191  109
    4  190  107
    4  188  105
    4  187  103
    6  186  101
    8  185  100
   10  184   99
   12  182   99
   14  180   99
   14  178   99
   12  175   99
   12  172   98
   12  169   97
   10  166   96
    8  164   94
    8  162   92
    8  161   91
   10  161   89
   10  161   88
   12  161   87
   12  161   87
   14  160   87
   14  159   87
   14  157   87
   14  155   87
   14  151   87
   16  148   86
   16  144   84
   16  140   81
   16  137   78
   16  135   75
   16  133   72
   14  132   69
   14  131   66
   12  130   64
   10  129   63
    8  128   62
    8  126   61
    8  124   61
    8  121   61
    8  118   61
   10  114   61
   10  111   61
   10  107   61
   10  104   61
    8  102   60
    6  101   60
    4  100   60
    2  100   59
    0  101   59
    0  102   60
    2  102   60
    4  102   60
    2  101   61
    4   99   61
    6   97   60
    6   93   59
    8   90   58
    8   86   56
    6   81   54
    4   77   51
    2   74   48
    0   71   44
    0   68   41
    0   66   38
    0   64   35
    0   62   33
    0   60   31
    0   59   31
    0   57   30
    0   56   30
    0   54   30
    0   52   29
    0   50   29
    2   47   28
    2   44   27
    2   40   25
    4   36   22
    4   32   19
    4   27   16
    4   23   13
    2   18   10
    4   14    7
    2    9    4
    4    5    1
    2    0    0
    2   -3   -3
    2   -7   -5
    2  -11   -7
    2  -15  -10
    4  -19  -12
    4  -22  -15
    2  -25  -18
    0  -27  -20
    0  -29  -22
    0  -30  -23
   -2  -32  -24
   -2  -33  -24
   -4  -35  -24
   -4  -37  -23
   -2  -40  -23
   -2  -43  -24
    0  -47  -25
    0  -52  -27
    0  -56  -29
    2  -60  -33
    2  -64  -37
    2  -67  -41
    2  -69  -45
    0  -71  -48
    0  -72  -51
    0  -73  -52
   -2  -74  -53
   -2  -75  -53
   -4  -77  -53
   -4  -80  -53
   -4  -83  -53
   -4  -88  -53
   -4  -92  -54
   -4  -97  -56
   -4 -102  -58
   -4 -106  -60
   -2 -110  -63
   -2 -113  -65
   -2 -115  -66
   -2 -116  -67
   -2 -117  -68
    0 -117  -67
   -2 -117  -67
   -2 -116  -66
   -2 -116  -65
    0 -115  -63
    0 -115  -63
    0 -116  -62
    0 -118  -62
    0 -120  -62
    0 -123  -63
    0 -126  -64
    2 -129  -65
    0 -133  -66
    0 -136  -68
    0 -139  -70
    0 -142  -71
   -2 -145  -73
   -2 -148  -75
   -4 -150  -76
   -4 -153  -78
   -4 -157  -79
   -4 -160  -81
   -2 -165  -83
   -2 -169  -86
   -2 -173  -88
    0 -177  -90
    0 -180  -93
    0 -184  -96
    0 -186  -98
    0 -188 -100
    0 -190 -102
   -2 -191 -103
   -2 -193 -104
   -4 -195 -105
   -4 -197 -106
   -6 -200 -108
   -6 -204 -110
   -4 -208 -112
   -4 -213 -115
   -4 -218 -118
   -2 -223 -121
    0 -228 -125
    0 -232 -129
    2 -237 -132
    2 -240 -135
    0 -244 -137
    0 -247 -139
    0 -250 -141
    0 -252 -142
   -2 -255 -143
   -2 -258 -144
   -2 -261 -145
   -2 -264 -146
    0 -267 -147
    0 -271 -149
    0 -274 -151
    2 -277 -153
    2 -280 -156
    4 -281 -158
    6 -283 -159
    6 -284 -160
    8 -284 -161
    8 -285 -162
   10 -286 -163
   14 -287 -163
   16 -289 -164
   20 -293 -166
   22 -297 -167
   24 -302 -170
   28 -307 -173
   28 -313 -176
   30 -318 -179
   32 -322 -182
   34 -326 -185
   36 -328 -187
   38 -330 -188
   42 -330 -189
   46 -331 -189
   50 -331 -189
   56 -332 -189
   60 -333 -189
   62 -336 -189
   64 -338 -189
   66 -341 -190
   66 -345 -191
   66 -349 -192
   66 -353 -194
   64 -356 -196
   64 -359 -199
   64 -362 -201
   64 -365 -205
   64 -367 -208
   64 -370 -211
   60 -373 -215
   58 -377 -218
   52 -382 -221
   46 -386 -224
   38 -392 -227
   30 -397 -229
   24 -402 -230
   16 -406 -231
    8 -410 -232
    4 -414 -234
    0 -417 -235
   -2 -419 -238
   -4 -420 -240
   -6 -422 -244
   -6 -423 -248
   -6 -424 -252
   -4 -425 -256
   -6 -427 -259
   -4 -429 -262
   -4 -432 -264
   -6 -434 -264
   -8 -437 -264
  -10 -440 -262
  -12 -444 -261
  -12 -447 -259
  -14 -451 -258
  -14 -454 -257
  -16 -456 -257
  -16 -458 -258
  -14 -460 -260
  -14 -462 -263
  -12 -463 -267
  -12 -464 -270
  -12 -466 -273
  -12 -467 -276
  -12 -470 -278
  -12 -472 -279
  -12 -475 -280
  -14 -478 -281
  -18 -482 -282
  -22 -486 -282
  -30 -489 -283
  -36 -492 -284
  -46 -494 -284
  -52 -496 -285
  -56 -497 -285
  -50 -497 -286
  -36 -497 -286
  -12 -497 -285
   24 -497 -285
   72 -496 -284
  128 -497 -283
  186 -498 -283
  244 -501 -283
  294 -504 -283
  332 -507 -283
  356 -511 -284
  360 -515 -286
  346 -519 -288
  318 -523 -290
  276 -526 -292
  226 -527 -294
  174 -528 -296
  124 -529 -298
   78 -529 -299
   38 -529 -300
    8 -529 -302
  -12 -529 -303
  -30 -531 -304
  -40 -532 -305
  -48 -535 -305
  -56 -538 -306
  -62 -541 -307
  -68 -544 -307
  -72 -546 -308
  -76 -548 -308
  -76 -549 -308
  -76 -550 -308
  -74 -550 -309
  -68 -551 -310
  -60 -551 -311
  -52 -553 -312
  -44 -556 -314
  -38 -560 -316
  -32 -565 -318
  -28 -570 -321
  -24 -575 -322
  -20 -580 -324
  -18 -585 -325
  -14 -589 -326
  -12 -591 -327
  -12 -592 -328
  -10 -592 -328
  -10 -591 -328
  -10 -591 -328
  -10 -591 -329
  -10 -591 -329
  -12 -592 -330
  -12 -594 -332
  -14 -596 -333
  -14 -599 -335
  -14 -603 -337
  -14 -606 -339
  -12 -610 -341
  -10 -613 -344
  -10 -615 -346
   -8 -617 -348
   -6 -618 -350
   -6 -620 -352
   -6 -621 -354
   -6 -623 -356
   -8 -625 -358
   -8 -627 -359
   -6 -630 -360
   -4 -633 -362
   -4 -636 -363
    0 -640 -364
    0 -643 -366
    2 -646 -367
    4 -649 -368
    6 -651 -369
    6 -653 -370
    6 -654 -372
    4 -654 -372
    2 -655 -373
    0 -655 -374
    0 -654 -375
   -2 -654 -375
   -2 -654 -376
    0 -654 -377
    0 -654 -378
    0 -655 -379
    2 -655 -380
    4 -655 -380
    6 -654 -380
    8 -652 -379
   10 -649 -378
   12 -644 -376
   14 -638 -373
   16 -631 -369
   18 -623 -365
   20 -615 -360
   20 -606 -355
   22 -597 -350
   22 -588 -344
   24 -578 -339
   24 -568 -333
   26 -558 -326
   26 -547 -319
   28 -535 -312
   28 -522 -304
   30 -508 -295
   32 -493 -287
   34 -478 -278
   36 -462 -268
   40 -446 -259
   42 -429 -250
   44 -413 -241
   48 -397 -232
   52 -382 -223
   56 -367 -214
   60 -352 -205
   62 -338 -197
   64 -325 -188
   66 -311 -180
   68 -298 -171
   70 -284 -162
   70 -270 -154
   70 -256 -146
   70 -242 -138
   72 -228 -130
   72 -214 -123
   74 -201 -116
   76 -188 -109
   80 -176 -103
   84 -164  -96
   88 -152  -89
   92 -141  -83
   98 -129  -77
  104 -118  -71
  108 -107  -66
  114  -97  -60
  118  -86  -55
  122  -76  -51
  124  -65  -46
  126  -54  -41
  128  -43  -35
  130  -33  -30
  134  -23  -24
  136  -13  -17
  138   -4  -10
  142    3   -3
  146   11    2
  150   19    9
  154   26   14
  156   34   19
  160   42   24
  160   50   28
  162   58   31
  162   66   34
  162   74   36
  162   81   39
  162   89   41
  162   95   44
  162  101   47
  164  107   50
  166  112   54
  166  117   57
  168  122   61
  170  127   65
  170  133   68
  172  138   72
  170  144   75
  168  151   79
  164  158   82
  160  166   86
  154  173   90
  148  181   94
  142  188   98
  136  195  102
  128  201  106
  122  206  109
  116  210  113
  110  214  115
  106  217  118
  102  219  120
   98  221  121
   94  222  122
   92  224  124
   88  226  125
   84  228  126
   78  231  128
   74  235  129
   68  239  131
   62  243  132
   56  248  134
   52  252  136
   48  256  137
   46  259  139
   42  261  140
   40  263  142
   38  263  143
   36  263  143
   34  263  144
   32  262  145
   30  262  145
   28  262  145
   26  262  144
   26  262  143
   24  263  142
   22  262  141
   22  262  139
   22  261  137
   20  258  135
   20  256  133
   22  252  131
   22  248  130
   24  244  129
   24  239  127
   26  234  126
   26  230  125
   26  226  123
   28  222  120
   26  218  117
   26  215  114
   26  211  110
   22  208  107
   22  205  103
   20  201  100
   18  197   96
   18  194   94
   18  190   91
   18  185   89
   18  181   88
   20  177   87
   20  173   86
   22  169   85
   22  166   83
   24  163   82
   24  161   80
   26  158   79
   28  156   77
   28  154   76
   30  152   74
   32  150   73
   32  148   72
   32  146   72
   32  143   71
   32  141   71
   32  138   70
   30  136   69
   28  133   67
   26  132   66
   24  130   64
   24  129   61
   24  128   59
   24  127   57
   26  127   56
   30  125   54
   32  124   53
   34  122   53
   36  120   53
   36  117   52
   38  114   52
   38  111   51
   38  107   50
   36  105   49
   36  102   47
   36  100   45
   36   99   42
   36   98   40
   36   97   37
   36   97   36
   36   96   34
   34   96   33
   34   95   33
   32   94   33
   32   93   33
   30   91   34
   28   89   34
   26   86   34
   26   84   34
   26   81   34
   26   79   33
   26   77   31
   26   74   29
   26   72   26
   26   70   23
   26   67   20
   26   65   17
   26   62   14
   26   59   11
   24   56    9
   24   54    7
   24   51    6
   24   49    5
   26   47    5
   26   45    5
   26   44    5
   26   43    4
   24   41    3
   24   39    2
   22   36    0
   20   34   -2
   18   31   -5
   16   28   -7
   14   26  -10
   12   24  -12
   12   22  -14
   14   20  -15
   16   18  -16
   18   17  -16
   20   15  -17
   22   13  -17
   24   11  -18
   26    8  -19
   24    4  -20
   24    0  -22
   22   -3  -24
   22   -7  -27
   20  -10  -29
   18  -14  -31
   18  -18  -33
   18  -21  -35
   18  -24  -36
   18  -28  -36
   18  -31  -37
   18  -34  -37
   18  -38  -37
   16  -41  -38
   16  -44  -39
   14  -47  -40
   14  -50  -41
   14  -53  -43
   14  -56  -44
   14  -59  -47
   16  -62  -49
   16  -64  -51
   18  -67  -52
   18  -69  -54
   18  -71  -56
   16  -74  -57
   16  -76  -58
   14  -79  -60
   14  -82  -62
   12  -85  -64
   12  -89  -66
   12  -93  -69
   14  -97  -71
   16 -101  -74
   16 -105  -77
   18 -109  -79
   18 -112  -81
   18 -115  -83
   18 -118  -84
   16 -120  -85
   16 -121  -85
   14 -123  -86
   12 -125  -86
   12 -128  -87
   12 -131  -89
   10 -135  -91
   10 -140  -93
   10 -144  -97
   12 -150 -100
   12 -155 -104
   10 -160 -108
   10 -165 -111
    8 -170 -114
    8 -174 -117
    8 -177 -119
    8 -180 -121
   10 -183 -123
   12 -186 -125
   14 -189 -127
   18 -191 -128
   20 -194 -130
   20 -197 -132
   22 -199 -133
   22 -202 -134
   20 -205 -136
   18 -207 -136
   14 -210 -137
   12 -213 -138
   10 -215 -138
   10 -218 -139
   10 -221 -140
   10 -223 -141
   10 -225 -142
   12 -228 -143
   12 -230 -145
   12 -233 -146
   12 -235 -147
   12 -238 -148
   10 -240 -150
   10 -243 -151
   10 -246 -153
   10 -249 -154
   10 -251 -155
   12 -254 -156
   12 -256 -158
   12 -259 -159
   12 -262 -161
   12 -266 -163
   12 -269 -165
   12 -273 -167
   10 -277 -170
   10 -280 -172
    8 -284 -175
    8 -287 -177
    8 -290 -179
    8 -292 -182
    8 -294 -183
   10 -297 -184
   12 -299 -185
   14 -302 -186
   16 -305 -186
   18 -308 -186
   18 -312 -187
   18 -316 -187
   18 -320 -188
   16 -324 -189
   14 -327 -190
   12 -330 -192
   10 -332 -193
    8 -334 -195
    6 -336 -198
    6 -337 -200
    6 -338 -202
    6 -340 -204
    8 -342 -206
   10 -345 -208
   12 -348 -210
   12 -351 -211
   14 -355 -213
   16 -359 -215
   16 -363 -216
   16 -366 -218
   16 -369 -219
   16 -371 -221
   16 -372 -222
   16 -373 -224
   14 -374 -225
   14 -375 -226
   12 -375 -227
   12 -376 -227
   14 -377 -227
   14 -379 -228
   16 -381 -228
   18 -384 -228
   22 -388 -229
   26 -391 -230
   30 -395 -231
   34 -399 -232
   38 -403 -234
   40 -405 -236
   44 -408 -237
   46 -409 -239
   48 -411 -240
   50 -412 -242
   50 -413 -243
   50 -415 -244
   52 -417 -245
   52 -419 -246
   54 -423 -247
   56 -427 -249
   60 -431 -250
   64 -435 -252
   68 -439 -253
   74 -442 -255
   78 -444 -257
   82 -446 -258
   84 -447 -259
   86 -448 -260
   88 -448 -260
   88 -448 -260
   88 -449 -260
   88 -451 -260
   86 -453 -261
   86 -456 -262
   84 -459 -264
   82 -463 -266
   80 -468 -268
   76 -472 -271
   72 -476 -273
   68 -479 -276
   64 -482 -278
   58 -484 -280
   52 -485 -282
   48 -487 -283
   42 -488 -284
   38 -489 -285
   34 -490 -286
   30 -492 -287
   26 -494 -288
   20 -496 -290
   18 -499 -291
   12 -502 -292
   10 -505 -293
    6 -508 -295
    4 -510 -296
    2 -512 -296
    2 -514 -296
    2 -515 -296
    2 -516 -296
    2 -518 -295
    4 -519 -294
    6 -521 -294
    6 -523 -294
    8 -525 -296
    8 -529 -297
    8 -532 -300
   10 -535 -302
   10 -539 -306
    8 -542 -309
    8 -544 -312
   10 -545 -315
   10 -546 -318
   10 -547 -320
   12 -547 -321
   12 -547 -321
   10 -547 -321
    8 -547 -320
    4 -548 -319
    0 -549 -318
   -8 -551 -317
  -18 -553 -317
  -28 -555 -317
  -36 -558 -318
  -36 -562 -319
  -30 -565 -320
  -10 -568 -322
   18 -570 -324
   62 -573 -325
  114 -575 -327
  172 -576 -328
  232 -577 -329
  288 -578 -330
  336 -579 -330
  370 -581 -331
  388 -582 -332
  390 -584 -333
  374 -587 -334
  346 -590 -335
  304 -593 -337
  256 -596 -339
  206 -599 -341
  156 -602 -342
  110 -604 -344
   70 -606 -345
   36 -607 -346
   12 -608 -346
   -6 -608 -346
  -20 -608 -345
  -30 -608 -345
  -38 -608 -344
  -44 -608 -344
  -50 -609 -344
  -52 -611 -345
  -54 -613 -347
  -56 -616 -350
  -54 -619 -353
  -50 -623 -356
  -44 -627 -360
  -36 -630 -363
  -30 -633 -365
  -24 -635 -367
  -20 -637 -368
  -16 -637 -368
  -14 -637 -367
  -12 -637 -365
  -10 -637 -364
  -10 -637 -363
  -10 -638 -362
  -10 -640 -362
  -10 -642 -363
  -10 -645 -364
   -8 -648 -366
   -6 -652 -368
   -4 -656 -371
   -2 -659 -374
    0 -662 -377
    0 -664 -380
    2 -666 -382
    2 -667 -383
    2 -668 -384
    2 -669 -385
    4 -670 -385
    4 -671 -385
    6 -673 -385
    6 -674 -385
    8 -676 -385
   10 -678 -385
   12 -680 -385
   12 -682 -386
   12 -683 -388
   14 -684 -389
   14 -685 -391
   14 -686 -392
   14 -686 -393
   14 -687 -394
   14 -689 -395
   16 -690 -395
   16 -692 -395
   18 -695 -396
   18 -698 -396
   18 -701 -397
   18 -703 -397
   20 -705 -398
   20 -706 -399
   20 -707 -399
   20 -707 -399
   20 -705 -399
   20 -703 -398
   20 -701 -397
   20 -698 -395
   20 -695 -392
   20 -691 -389
   22 -687 -386
   22 -683 -383
   22 -678 -380
   22 -672 -377
   24 -666 -373
   26 -659 -370
   28 -651 -367
   30 -643 -363
   32 -633 -359
   36 -623 -355
   38 -613 -349
   42 -601 -343
   44 -589 -337
   46 -577 -329
   48 -563 -321
   48 -550 -313
   46 -536 -304
   44 -522 -296
   44 -508 -287
   42 -493 -278
   42 -479 -270
   42 -464 -261
   44 -449 -253
   46 -434 -244
   50 -418 -235
   54 -401 -226
   58 -385 -217
   62 -368 -207
   66 -351 -196
   70 -335 -186
   72 -319 -176
   76 -303 -165
   78 -288 -156
   80 -273 -147
   82 -259 -139
   84 -245 -131
   86 -232 -124
   88 -218 -118
   90 -205 -112
   92 -191 -105
   94 -177  -99
   98 -163  -92
  100 -149  -86
  104 -135  -78
  108 -122  -71
  112 -110  -63
  118  -99  -56
  122  -89  -49
  124  -80  -43
  128  -72  -37
  132  -65  -32
  134  -58  -28
  136  -50  -24
  140  -42  -20
  142  -34  -16
  146  -25  -12
  148  -15   -7
  150   -4   -2
  154    5    3
  158   16    9
  162   26   15
