-0.097
-0.101
-0.101
-0.085
-0.085
-0.097
-0.109
-0.101
-0.093
-0.093
-0.101
-0.089
-0.089
-0.089
-0.089
-0.072
-0.064
-0.060
-0.064
-0.064
-0.056
-0.047
-0.043
-0.026
 0.003
 0.019
 0.040
 0.032
 0.027
 0.011
 0.007
 0.003
-0.018
-0.043
-0.056
-0.060
-0.064
-0.072
-0.076
-0.080
-0.085
-0.080
-0.085
-0.089
-0.072
-0.076
-0.101
-0.109
-0.060
 0.098
 0.164
 0.616
 0.786
 0.840
 0.794
 0.591
 0.268
-0.072
-0.250
-0.209
-0.147
-0.134
-0.122
-0.114
-0.118
-0.118
-0.118
-0.126
-0.126
-0.114
-0.105
-0.109
-0.126
-0.126
-0.118
-0.114
-0.114
-0.118
-0.109
-0.109
-0.109
-0.118
-0.114
-0.109
-0.114
-0.118
-0.105
-0.097
-0.093
-0.093
-0.085
-0.068
-0.068
-0.076
-0.072
-0.064
-0.064
-0.060
-0.047
-0.039
-0.031
-0.031
-0.014
 0.003
 0.011
 0.015
 0.032
 0.061
 0.077
 0.085
 0.098
 0.114
 0.123
 0.139
 0.164
 0.185
 0.206
 0.218
 0.239
 0.255
 0.272
 0.280
 0.276
 0.276
 0.280
 0.276
 0.259
 0.251
 0.239
 0.210
 0.172
 0.135
 0.110
 0.090
 0.081
 0.065
 0.061
 0.048
 0.027
 0.015
 0.019
 0.011
 0.007
-0.002
-0.006
-0.002
-0.014
-0.022
-0.039
-0.039
-0.043
-0.039
-0.047
-0.051
-0.051
-0.056
-0.051
-0.047
-0.051
-0.051
-0.051
-0.035
-0.035
-0.043
-0.043
-0.026
-0.018
-0.026
-0.026
-0.018
-0.014
-0.014
-0.018
-0.014
-0.002
-0.002
-0.006
-0.002
 0.015
 0.027
 0.044
 0.065
 0.085
 0.098
 0.119
 0.181
 0.280
 0.396
 0.508
 0.570
 0.554
 0.508
 0.438
 0.322
 0.106
-0.167
-0.354
-0.416
-0.383
-0.366
-0.375
-0.462
-0.474
-0.458
-0.437
-0.420
-0.387
-0.341
-0.308
-0.267
-0.213
-0.176
-0.151
-0.126
-0.114
-0.080
-0.068
-0.085
-0.097
-0.085
-0.076
-0.072
-0.076
-0.068
-0.056
-0.056
-0.056
-0.047
-0.039
-0.035
-0.035
-0.035
-0.018
-0.014
-0.014
-0.014
 0.007
 0.015
 0.015
 0.015
 0.044
 0.061
 0.065
 0.081
 0.106
 0.131
 0.160
 0.177
 0.206
 0.243
 0.255
 0.289
 0.318
 0.347
 0.367
 0.380
 0.388
 0.409
 0.417
 0.421
 0.409
 0.417
 0.409
 0.392
 0.376
 0.367
 0.351
 0.334
 0.309
 0.289
 0.276
 0.251
 0.226
 0.210
 0.193
 0.185
 0.148
 0.135
 0.131
 0.114
 0.090
 0.065
 0.056
 0.036
 0.019
 0.015
 0.011
 0.007
-0.010
-0.018
-0.006
 0.007
 0.011
 0.007
 0.015
 0.011
-0.002
-0.010
 0.003
 0.019
 0.023
-0.022
-0.035
-0.022
-0.010
-0.010
-0.010
-0.002
-0.002
-0.006
-0.006
-0.006
-0.002
-0.002
-0.014
-0.006
-0.014
-0.014
-0.018
-0.014
-0.006
-0.006
-0.018
-0.018
-0.006
-0.010
-0.051
-0.056
-0.031
-0.035
-0.064
-0.072
-0.051
-0.047
-0.056
-0.072
-0.076
-0.072
-0.072
-0.080
-0.072
-0.064
-0.068
-0.076
-0.064
-0.060
-0.068
-0.072
-0.072
-0.068
-0.072
-0.072
-0.076
-0.076
-0.072
-0.076
-0.076
-0.072
-0.072
-0.076
-0.080
-0.072
-0.072
-0.076
-0.076
-0.068
-0.072
-0.068
-0.076
-0.076
-0.068
-0.076
-0.080
-0.080
-0.072
-0.072
-0.076
-0.080
-0.064
-0.068
-0.076
-0.072
-0.064
-0.064
-0.072
-0.080
-0.068
-0.060
-0.064
-0.072
-0.060
-0.056
-0.072
-0.085
-0.080
-0.068
-0.072
-0.089
-0.089
-0.076
-0.080
-0.080
-0.072
-0.060
-0.064
-0.072
-0.072
-0.076
-0.068
-0.068
-0.076
-0.072
-0.064
-0.068
-0.072
-0.056
-0.056
-0.051
-0.060
-0.056
-0.056
-0.056
-0.060
-0.056
-0.056
-0.056
-0.064
-0.068
-0.068
-0.064
-0.064
-0.060
-0.051
-0.056
-0.056
-0.051
-0.051
-0.051
-0.051
-0.051
-0.047
-0.043
-0.047
-0.051
-0.043
-0.035
-0.051
-0.060
-0.060
-0.056
-0.060
-0.076
-0.064
-0.047
-0.039
-0.051
-0.056
-0.056
-0.047
-0.047
-0.047
-0.035
-0.026
-0.031
-0.047
-0.056
-0.047
-0.043
-0.043
-0.039
-0.031
-0.031
-0.043
-0.035
-0.031
-0.035
-0.051
-0.056
-0.039
-0.035
-0.031
-0.026
-0.014
-0.010
-0.006
 0.011
 0.027
 0.052
 0.061
 0.069
 0.090
 0.085
 0.061
 0.044
 0.048
 0.052
 0.044
 0.019
 0.007
-0.002
-0.010
-0.026
-0.031
-0.018
-0.018
-0.026
-0.026
-0.014
-0.018
-0.026
-0.035
-0.047
-0.047
-0.006
 0.123
 0.359
 0.616
 0.790
 0.869
 0.856
 0.744
 0.475
 0.123
-0.147
-0.159
-0.130
-0.076
-0.080
-0.064
-0.056
-0.064
-0.068
-0.064
-0.060
-0.068
-0.072
-0.060
-0.060
-0.068
-0.072
-0.064
-0.060
-0.068
-0.068
-0.056
-0.047
-0.060
-0.068
-0.068
-0.064
-0.064
-0.064
-0.056
-0.047
-0.051
-0.056
-0.051
-0.035
-0.031
-0.031
-0.031
-0.018
-0.014
-0.010
-0.014
-0.006
 0.007
 0.011
 0.015
 0.023
 0.036
 0.044
 0.044
 0.052
 0.073
 0.077
 0.102
 0.127
 0.139
 0.143
 0.148
 0.156
 0.177
 0.197
 0.206
 0.226
 0.239
 0.251
 0.259
 0.268
 0.284
 0.301
 0.301
 0.301
 0.313
 0.309
 0.284
 0.259
 0.247
 0.243
 0.239
 0.214
 0.197
 0.185
 0.172
 0.152
 0.143
 0.135
 0.123
 0.106
 0.094
 0.090
 0.085
 0.065
 0.052
 0.052
 0.052
 0.040
 0.032
 0.027
 0.032
 0.027
 0.023
 0.019
 0.023
 0.023
 0.019
 0.019
 0.023
 0.023
 0.011
 0.015
 0.019
 0.019
 0.015
 0.011
 0.019
 0.015
 0.011
 0.011
 0.019
 0.027
 0.023
 0.019
 0.027
 0.032
 0.036
 0.027
 0.036
 0.040
 0.036
 0.023
 0.027
 0.032
 0.032
 0.027
 0.023
 0.032
 0.027
 0.023
 0.011
 0.015
 0.011
 0.007
 0.003
 0.007
 0.007
-0.002
-0.006
-0.006
-0.002
-0.010
-0.018
-0.014
-0.014
-0.014
-0.018
-0.022
-0.018
-0.018
-0.018
-0.018
-0.018
-0.022
-0.031
-0.031
-0.010
-0.014
-0.035
-0.068
-0.076
-0.080
-0.085
-0.080
-0.064
-0.056
-0.064
-0.076
-0.064
-0.060
-0.060
-0.064
-0.060
-0.060
-0.064
-0.076
-0.072
-0.060
-0.060
-0.072
-0.076
-0.072
-0.068
-0.072
-0.080
-0.072
-0.068
-0.076
-0.085
-0.076
-0.072
-0.076
-0.085
-0.076
-0.072
-0.068
-0.080
-0.085
-0.072
-0.072
-0.080
-0.080
-0.072
-0.072
-0.080
-0.085
-0.072
-0.068
-0.076
-0.076
-0.072
-0.064
-0.072
-0.076
-0.072
-0.068
-0.072
-0.072
-0.072
-0.064
-0.064
-0.068
-0.072
-0.060
-0.060
-0.060
-0.060
-0.047
-0.043
-0.047
-0.043
-0.026
-0.014
-0.006
 0.019
 0.052
 0.081
 0.081
 0.065
 0.044
 0.027
 0.011
-0.002
-0.018
-0.026
-0.035
-0.047
-0.051
-0.064
-0.068
-0.080
-0.076
-0.060
-0.064
-0.068
-0.064
-0.060
-0.064
-0.072
-0.080
-0.085
-0.047
 0.061
 0.255
 0.504
 0.695
 0.794
 0.819
 0.761
 0.579
 0.500
-0.051
-0.234
-0.188
-0.118
-0.114
-0.114
-0.093
-0.089
-0.093
-0.097
-0.089
-0.089
-0.093
-0.101
-0.101
-0.097
-0.101
-0.105
-0.097
-0.093
-0.085
-0.093
-0.089
-0.076
-0.080
-0.089
-0.089
-0.076
-0.076
-0.076
-0.072
-0.060
-0.060
-0.064
-0.068
-0.064
-0.051
-0.064
-0.060
-0.047
-0.035
-0.039
-0.039
-0.026
-0.018
-0.018
-0.010
 0.007
 0.015
 0.023
 0.027
 0.036
 0.061
 0.069
 0.077
 0.098
 0.119
 0.135
 0.143
 0.172
 0.201
 0.214
 0.226
 0.243
 0.255
 0.276
 0.284
 0.284
 0.301
 0.309
 0.305
 0.297
 0.293
 0.284
 0.280
 0.251
 0.239
 0.226
 0.210
 0.193
 0.185
 0.177
 0.152
 0.123
 0.110
 0.102
 0.065
 0.040
 0.032
 0.032
 0.019
 0.007
 0.003
 0.007
-0.002
-0.022
-0.026
-0.026
-0.026
-0.026
-0.035
-0.031
-0.026
-0.026
-0.039
-0.039
-0.031
-0.026
-0.031
-0.031
-0.018
-0.006
-0.018
-0.018
-0.010
-0.002
-0.010
-0.014
-0.002
 0.007
 0.003
 0.007
 0.011
 0.015
 0.015
 0.015
 0.015
 0.023
 0.023
 0.015
 0.015
 0.023
 0.019
 0.015
 0.011
 0.011
 0.015
 0.003
-0.002
 0.007
 0.011
 0.007
-0.006
-0.014
-0.010
-0.010
-0.018
-0.014
-0.010
-0.010
-0.022
-0.022
-0.014
-0.022
-0.039
-0.035
-0.035
-0.035
-0.031
-0.039
-0.039
-0.031
-0.035
-0.043
-0.035
-0.039
-0.035
-0.043
-0.043
-0.039
-0.043
-0.047
-0.043
-0.039
-0.039
-0.051
-0.051
-0.043
-0.051
-0.056
-0.060
-0.047
-0.047
-0.056
-0.060
-0.051
-0.047
-0.056
-0.060
-0.051
-0.047
-0.056
-0.060
-0.056
-0.047
-0.047
-0.060
-0.051
-0.043
-0.039
-0.060
-0.051
-0.051
-0.051
-0.060
-0.060
-0.047
-0.047
-0.051
-0.060
-0.056
-0.051
-0.051
-0.056
-0.051
-0.047
-0.047
-0.051
-0.043
-0.035
-0.031
-0.031
-0.022
-0.014
-0.010
-0.006
 0.027
 0.061
 0.069
 0.056
 0.048
 0.040
 0.036
 0.019
 0.003
-0.006
-0.022
-0.043
-0.051
-0.051
-0.043
-0.047
-0.056
-0.047
-0.039
-0.051
-0.060
-0.060
-0.072
-0.076
-0.026
 0.123
 0.371
 0.616
 0.761
 0.802
 0.761
 0.579
 0.276
-0.064
-0.217
-0.155
-0.109
-0.109
-0.097
-0.080
-0.085
-0.089
-0.093
-0.093
-0.093
-0.101
-0.097
-0.093
-0.089
-0.105
-0.097
-0.089
-0.097
-0.101
-0.097
-0.085
-0.089
-0.093
-0.097
-0.089
-0.085
-0.085
-0.085
-0.080
-0.076
-0.076
-0.076
-0.064
-0.064
-0.064
-0.068
-0.056
-0.051
-0.047
-0.043
-0.043
-0.026
-0.022
-0.018
-0.006
 0.007
 0.015
 0.019
 0.032
 0.052
 0.065
 0.065
 0.077
 0.106
 0.127
 0.135
 0.152
 0.172
 0.197
 0.206
 0.214
 0.239
 0.255
 0.259
 0.259
 0.268
 0.284
 0.272
 0.264
 0.255
 0.247
 0.230
 0.210
 0.189
 0.181
 0.160
 0.127
 0.106
 0.102
 0.085
 0.069
 0.052
 0.048
 0.044
 0.027
 0.007
 0.007
 0.003
 0.003
-0.022
-0.031
-0.026
-0.039
-0.043
-0.047
-0.043
-0.047
-0.051
-0.056
-0.047
-0.047
-0.051
-0.051
-0.043
-0.043
-0.051
-0.047
-0.039
-0.031
-0.031
-0.026
-0.022
-0.018
-0.022
-0.022
-0.010
 0.003
-0.002
-0.014
-0.010
 0.003
 0.003
-0.002
-0.010
-0.002
-0.002
-0.010
-0.010
-0.010
-0.010
-0.018
-0.022
-0.022
-0.018
-0.026
-0.035
-0.035
-0.031
-0.035
-0.047
-0.047
-0.039
-0.039
-0.047
-0.047
-0.047
-0.051
-0.056
-0.060
-0.056
-0.056
-0.056
-0.064
-0.056
-0.051
-0.060
-0.068
-0.060
-0.068
-0.064
-0.072
-0.068
-0.064
-0.064
-0.068
-0.068
-0.060
-0.064
-0.068
-0.072
-0.060
-0.064
-0.072
-0.076
-0.068
-0.064
-0.068
-0.076
-0.072
-0.068
-0.076
-0.076
-0.068
-0.064
-0.072
-0.085
-0.076
-0.072
-0.072
-0.076
-0.072
-0.068
-0.072
-0.076
-0.072
-0.064
-0.072
-0.076
-0.076
-0.068
-0.072
-0.068
-0.068
-0.064
-0.064
-0.064
-0.072
-0.060
-0.056
-0.060
-0.060
-0.051
-0.043
-0.043
-0.051
-0.035
-0.022
-0.014
-0.010
 0.011
 0.052
 0.073
 0.073
 0.048
 0.040
 0.036
 0.023
 0.007
-0.006
-0.022
-0.035
-0.047
-0.051
-0.047
-0.051
-0.060
-0.051
-0.051
-0.047
-0.064
-0.060
-0.068
-0.076
-0.039
 0.110
 0.351
 0.599
 0.757
 0.819
 0.794
 0.624
 0.305
-0.051
-0.205
-0.147
-0.097
-0.097
-0.093
-0.085
-0.080
-0.093
-0.089
-0.089
-0.093
-0.097
-0.097
-0.085
-0.085
-0.097
-0.097
-0.085
-0.089
-0.089
-0.093
-0.080
-0.076
-0.085
-0.089
-0.085
-0.072
-0.076
-0.076
-0.064
-0.056
-0.060
-0.064
-0.060
-0.051
-0.047
-0.047
-0.039
-0.026
-0.022
-0.022
-0.014
 0.007
 0.011
 0.015
 0.027
 0.048
 0.052
 0.065
 0.081
 0.098
 0.119
 0.131
 0.143
 0.168
 0.193
 0.206
 0.222
 0.239
 0.259
 0.264
 0.280
 0.289
 0.301
 0.305
 0.293
 0.293
 0.297
 0.280
 0.259
 0.235
 0.222
 0.201
 0.177
 0.148
 0.139
 0.123
 0.102
 0.081
 0.069
 0.056
 0.048
 0.032
 0.027
 0.023
 0.019
-0.002
-0.014
-0.002
-0.014
-0.031
-0.035
-0.035
-0.039
-0.043
-0.047
-0.047
-0.047
-0.051
-0.051
-0.047
-0.039
-0.039
-0.047
-0.047
-0.039
-0.039
-0.043
-0.039
-0.031
-0.031
-0.026
-0.022
-0.010
-0.014
-0.022
-0.026
-0.018
-0.018
-0.014
-0.010
-0.014
-0.026
-0.047
-0.047
-0.043
-0.039
-0.047
-0.056
-0.051
-0.043
-0.047
-0.056
-0.051
-0.043
-0.047
-0.060
-0.060
-0.064
-0.064
-0.072
-0.072
-0.064
-0.060
-0.064
-0.068
-0.064
-0.068
-0.072
-0.076
-0.076
-0.085
-0.085
-0.089
-0.085
-0.080
-0.080
-0.093
-0.089
-0.085
-0.080
-0.097
-0.093
-0.080
-0.085
-0.093
-0.089
-0.089
-0.097
-0.105
-0.097
-0.089
-0.089
-0.105
-0.105
-0.105
-0.097
-0.097
-0.101
-0.101
-0.097
-0.097
-0.097
-0.101
-0.093
-0.089
-0.093
-0.097
-0.093
-0.097
-0.109
-0.114
-0.101
-0.097
-0.097
-0.097
-0.089
-0.085
-0.097
-0.093
-0.089
-0.080
-0.089
-0.093
-0.080
-0.076
-0.085
-0.089
-0.080
-0.076
-0.080
-0.080
-0.072
-0.064
-0.056
-0.060
-0.056
-0.047
-0.035
-0.031
-0.010
 0.015
 0.032
 0.036
 0.015
 0.003
 0.011
 0.011
-0.006
-0.014
-0.026
-0.035
-0.047
-0.056
-0.056
-0.056
-0.064
-0.068
-0.085
-0.101
-0.101
-0.101
-0.101
-0.105
-0.080
 0.044
 0.255
 0.512
 0.686
 0.769
 0.765
 0.645
 0.363
 0.007
-0.205
-0.188
-0.130
-0.126
-0.126
-0.105
-0.101
-0.109
-0.109
-0.105
-0.101
-0.109
-0.105
-0.097
-0.089
-0.093
-0.093
-0.085
-0.089
-0.101
-0.105
-0.105
-0.114
-0.114
-0.122
-0.114
-0.101
-0.101
-0.109
-0.101
-0.089
-0.085
-0.089
-0.085
-0.072
-0.064
-0.068
-0.064
-0.047
-0.051
-0.051
-0.043
-0.031
-0.022
-0.018
-0.010
 0.011
 0.027
 0.032
 0.036
 0.056
 0.073
 0.085
 0.098
 0.123
 0.152
 0.164
 0.189
 0.210
 0.239
 0.251
 0.259
 0.264
 0.280
 0.284
 0.276
 0.280
 0.289
 0.284
 0.268
 0.268
 0.255
 0.235
 0.193
 0.164
 0.139
 0.127
 0.094
 0.073
 0.069
 0.061
 0.052
 0.027
 0.027
 0.032
 0.023
 0.007
 0.003
 0.003
-0.002
-0.010
-0.018
-0.018
-0.026
-0.031
-0.043
-0.035
-0.035
-0.035
-0.043
-0.043
-0.035
-0.039
-0.043
-0.035
-0.022
-0.018
-0.026
-0.031
-0.018
-0.018
-0.010
-0.006
 0.011
 0.011
 0.007
 0.011
 0.023
 0.036
 0.044
 0.052
 0.073
 0.090
 0.098
 0.119
 0.185
 0.284
 0.405
 0.516
 0.570
 0.550
 0.533
 0.396
 0.255
 0.019
-0.238
-0.395
-0.416
-0.383
-0.391
-0.445
-0.466
-0.449
-0.433
-0.412
-0.383
-0.341
-0.300
-0.275
-0.230
-0.192
-0.167
-0.147
-0.130
-0.109
-0.089
-0.085
-0.085
-0.076
-0.064
-0.064
-0.064
-0.060
-0.043
-0.047
-0.043
-0.043
-0.035
-0.031
-0.035
-0.026
-0.018
-0.006
-0.006
-0.010
 0.011
 0.023
 0.036
 0.032
 0.048
 0.065
 0.073
 0.077
 0.102
 0.131
 0.160
 0.172
 0.197
 0.230
 0.255
 0.276
 0.301
 0.334
 0.359
 0.367
 0.384
 0.405
 0.413
 0.417
 0.421
 0.429
 0.429
 0.413
 0.388
 0.371
 0.359
 0.355
 0.326
 0.301
 0.289
 0.264
 0.230
 0.214
 0.193
 0.177
 0.152
 0.127
 0.119
 0.106
 0.081
 0.061
 0.052
 0.044
 0.023
 0.015
 0.007
 0.015
 0.003
-0.006
-0.002
-0.006
-0.006
-0.018
-0.022
-0.014
-0.018
-0.022
-0.026
-0.014
-0.014
-0.022
-0.026
-0.018
-0.014
-0.018
-0.018
-0.014
-0.006
-0.010
-0.018
-0.010
-0.014
-0.014
-0.031
-0.026
-0.022
-0.018
-0.026
-0.031
-0.039
-0.047
-0.056
-0.060
-0.051
-0.056
-0.064
-0.064
-0.060
-0.064
-0.072
-0.076
-0.076
-0.068
-0.076
-0.080
-0.076
-0.076
-0.089
-0.093
-0.089
-0.085
-0.089
-0.105
-0.093
-0.085
-0.097
-0.105
-0.101
-0.097
-0.093
-0.105
-0.105
-0.093
-0.093
-0.101
-0.114
-0.105
-0.097
-0.105
-0.109
-0.105
-0.105
-0.101
-0.114
-0.109
-0.109
-0.105
-0.109
-0.109
-0.097
-0.097
-0.109
-0.105
-0.097
-0.101
-0.109
-0.118
-0.118
-0.118
-0.118
-0.122
-0.109
-0.105
-0.105
-0.109
-0.109
-0.105
-0.118
-0.126
-0.126
-0.114
-0.114
-0.122
-0.122
-0.109
-0.101
-0.109
-0.109
-0.101
-0.101
-0.105
-0.122
-0.122
-0.118
-0.118
-0.122
-0.122
-0.118
-0.114
-0.114
-0.114
-0.105
-0.101
-0.109
-0.105
-0.097
-0.097
-0.109
-0.114
-0.105
-0.101
-0.114
-0.114
-0.105
-0.109
-0.114
-0.118
-0.105
-0.101
-0.109
-0.105
-0.097
-0.097
-0.101
-0.105
-0.097
-0.093
-0.101
-0.118
-0.109
-0.101
-0.097
-0.109
-0.114
-0.097
-0.093
-0.101
-0.101
-0.093
-0.097
-0.097
-0.089
-0.085
-0.089
-0.101
-0.101
-0.089
-0.089
-0.105
-0.114
-0.105
-0.101
-0.101
-0.101
-0.101
-0.085
-0.085
-0.097
-0.093
-0.080
-0.076
-0.093
-0.093
-0.080
-0.076
-0.080
-0.085
-0.076
-0.072
-0.080
-0.085
-0.076
-0.076
-0.076
-0.076
-0.060
-0.051
-0.056
-0.060
-0.047
-0.035
-0.026
-0.002
 0.027
 0.048
 0.052
 0.027
 0.015
 0.015
 0.015
 0.007
-0.010
-0.018
-0.031
-0.051
-0.060
-0.064
-0.064
-0.068
-0.068
-0.064
-0.056
-0.060
-0.068
-0.068
-0.076
-0.072
-0.076
-0.010
 0.135
 0.342
 0.537
 0.686
 0.769
 0.769
 0.674
 0.467
 0.197
-0.068
-0.167
-0.134
-0.105
-0.101
-0.105
-0.101
-0.089
-0.101
-0.114
-0.122
-0.109
-0.097
-0.101
-0.109
-0.114
-0.101
-0.105
-0.122
-0.122
-0.093
-0.072
-0.093
-0.130
-0.143
-0.138
-0.130
-0.122
-0.118
-0.101
-0.101
-0.101
-0.097
-0.085
-0.080
-0.080
-0.085
-0.080
-0.085
-0.085
-0.085
-0.072
-0.064
-0.068
-0.068
-0.051
-0.043
-0.039
-0.026
-0.002
-0.002
 0.007
 0.019
 0.040
 0.056
 0.061
 0.069
 0.090
 0.110
 0.119
 0.127
 0.143
 0.164
 0.172
 0.181
 0.197
 0.218
 0.230
 0.230
 0.235
 0.243
 0.247
 0.243
 0.239
 0.243
 0.239
 0.222
 0.201
 0.206
 0.193
 0.181
 0.164
 0.156
 0.143
 0.127
 0.106
 0.098
 0.090
 0.085
 0.061
 0.052
 0.040
 0.032
 0.019
 0.011
 0.019
 0.015
-0.002
-0.006
-0.002
-0.006
-0.018
-0.018
-0.018
-0.018
-0.022
-0.031
-0.026
-0.022
-0.031
-0.035
-0.022
-0.022
-0.022
-0.031
-0.022
-0.014
-0.022
-0.022
-0.022
-0.014
-0.014
-0.026
-0.026
-0.018
-0.010
-0.014
-0.018
-0.010
-0.014
-0.018
-0.022
-0.014
-0.006
-0.018
-0.022
-0.014
-0.006
-0.010
-0.022
-0.031
-0.018
-0.026
-0.035
-0.039
-0.031
-0.035
-0.039
-0.051
-0.047
-0.047
-0.056
-0.056
-0.060
-0.064
-0.068
-0.076
-0.080
-0.076
-0.085
-0.089
-0.080
-0.072
-0.072
-0.089
-0.093
-0.085
-0.085
-0.097
-0.093
-0.085
-0.089
-0.097
-0.097
-0.089
-0.089
-0.097
-0.105
-0.093
-0.089
-0.097
-0.105
-0.101
-0.097
-0.097
-0.093
-0.097
-0.093
-0.093
-0.109
-0.105
-0.093
-0.101
-0.109
-0.109
-0.093
-0.097
-0.097
-0.101
-0.097
-0.097
-0.105
-0.114
-0.101
-0.097
-0.101
-0.105
-0.105
-0.097
-0.101
-0.105
-0.101
-0.089
-0.089
-0.101
-0.101
-0.089
-0.089
-0.097
-0.097
-0.085
-0.089
-0.085
-0.093
-0.076
-0.068
-0.072
-0.076
-0.060
-0.056
-0.051
-0.047
-0.026
-0.002
 0.011
 0.023
 0.023
 0.019
 0.015
-0.010
-0.006
-0.006
-0.026
-0.039
-0.051
-0.056
-0.068
-0.085
-0.089
-0.076
-0.076
-0.072
-0.076
-0.076
-0.068
-0.072
-0.080
-0.080
-0.056
 0.011
 0.143
 0.359
 0.545
 0.599
 0.695
 0.666
 0.537
 0.293
 0.003
-0.167
-0.167
-0.126
-0.126
-0.130
-0.114
-0.101
-0.109
-0.114
-0.114
-0.105
-0.114
-0.122
-0.105
-0.105
-0.105
-0.114
-0.109
-0.105
-0.109
-0.109
-0.105
-0.097
-0.097
-0.101
-0.105
-0.093
-0.093
-0.093
-0.093
-0.085
-0.085
-0.089
-0.093
-0.076
-0.064
-0.068
-0.068
-0.060
-0.051
-0.056
-0.051
-0.039
-0.022
-0.018
-0.014
-0.002
 0.007
 0.007
 0.007
 0.027
 0.056
 0.061
 0.069
 0.085
 0.106
 0.119
 0.127
 0.148
 0.168
 0.193
 0.201
 0.218
 0.230
 0.247
 0.251
 0.247
 0.255
 0.268
 0.268
 0.247
 0.239
 0.226
 0.214
 0.197
 0.185
 0.172
 0.156
 0.139
 0.123
 0.114
 0.098
 0.073
 0.061
 0.052
 0.048
 0.032
 0.023
 0.019
 0.015
 0.007
-0.006
-0.010
-0.006
-0.010
-0.026
-0.035
-0.026
-0.035
-0.051
-0.043
-0.035
-0.043
-0.056
-0.056
-0.047
-0.043
-0.043
-0.051
-0.043
-0.039
-0.039
-0.035
-0.026
-0.018
-0.018
-0.018
-0.014
-0.006
-0.002
-0.014
-0.002
 0.015
 0.015
 0.019
 0.036
 0.056
 0.069
 0.073
 0.085
 0.114
 0.148
 0.201
 0.276
 0.380
 0.475
 0.504
 0.483
 0.450
 0.388
 0.280
 0.110
-0.101
-0.275
-0.321
-0.387
-0.371
-0.379
-0.408
-0.429
-0.420
-0.395
-0.379
-0.358
-0.325
-0.292
-0.254
-0.230
-0.205
-0.176
-0.151
-0.143
-0.126
-0.105
-0.093
-0.089
-0.097
-0.089
-0.080
-0.076
-0.068
-0.064
-0.051
-0.047
-0.051
-0.043
-0.031
-0.031
-0.031
-0.031
-0.022
-0.010
-0.010
-0.002
 0.011
 0.023
 0.023
 0.032
 0.044
 0.056
 0.065
 0.090
 0.110
 0.127
